3220 6622
3221 6621
3224 6626
3225 6625
3228 6630
3229 6629
3237 6637
3238 6636
3239 6640
3240 6639
3250 6652
3251 6651
3253 6653
3254 6654
3261 6661
3262 6660
3263 6663
3264 6664
3275 6675
3276 6674
3277 6678
3278 6677
3287 6687
3288 6686
3289 6690
3290 6689
3293 6693
3295 6695
3296 6696
3297 6697
3300 6701
3305 6705
3306 6706
3307 6707
3310 6711
3315 6716
3352 6752
3353 6753
3354 6754
3355 6755
3356 6756
3357 6757
3358 6758
3359 6759
3360 6760
3361 6761
3362 6772
3363 6763
3406 6806
3407 6807
3408 6808
3419 6819
3420 6820
3421 6821
3422 6822
3423 6823
3424 6824
3425 6826
3426 6825
3427 6827
3428 6828
3429 6829
3430 6830
3431 6831
3437 6837
3438 6838
3439 6839
3440 6840
3441 6841
3442 6842
3443 6843
3444 6844
3445 6845
3446 6846
3447 6847
3448 6848
3449 6849
3450 6850
3451 6851
3452 6852
3453 6853
3454 6854
3455 6855
3456 6856
3457 6857
3458 6858
3459 6859
3460 6860
3461 6861
3462 6862
3463 6864
3464 6863
3465 6865
3466 6866
3467 6867
3468 6868
