6615
6616
6621
6622
6625
6626
6629
6630
6636
6637
6639
6640
6651
6652
6653
6654
6660
6661
6663
6664
6674
6675
6677
6678
6686
6687
6689
6690
6693
6695
6696
6697
6698
6700
6701
6705
6706
6707
6711
6716
6752
6753
6754
6755
6756
6757
6758
6759
6760
6761
6762
6763
6806
6807
6808
6819
6820
6821
6822
6823
6824
6825
6826
6827
6828
6829
6830
6831
6837
6838
6839
6840
6841
6842
6843
6844
6845
6846
6847
6848
6849
6850
6851
6852
6853
6854
6855
6856
6857
6858
6859
6860
6861
6862
6863
6864
6865
6866
6867
6868
